{
 "cells": [
  {
   "cell_type": "code",
   "execution_count": 1,
   "id": "7d1d373d-994d-431f-888c-175641f5e6dc",
   "metadata": {},
   "outputs": [],
   "source": [
    "import numpy as np\n",
    "import qutip\n"
   ]
  },
  {
   "cell_type": "code",
   "execution_count": 2,
   "id": "1e6b0f2b-6f89-4c35-92d9-b0eeb23f8e52",
   "metadata": {},
   "outputs": [],
   "source": [
    "# Define the collapse operators (Lindblad operators)\n",
    "T = 1\n",
    "num_t = 1000\n",
    "sigma = 1\n"
   ]
  },
  {
   "cell_type": "code",
   "execution_count": 3,
   "id": "fb4f3bb8-fa15-4c37-8f6c-aefeeaf7f814",
   "metadata": {},
   "outputs": [],
   "source": [
    "def omega(t, args):\n",
    "    return args[\"O\"] * np.sin(np.pi * t / args[\"sigma\"]) * np.heaviside(t, 1) * np.heaviside(args[\"sigma\"] - t, 1)\n"
   ]
  },
  {
   "cell_type": "code",
   "execution_count": 4,
   "id": "b0ecbf6f-894b-4429-a867-3563a07e70f6",
   "metadata": {},
   "outputs": [],
   "source": [
    "# def detuning(n, t, assym, omega):\n",
    "#     return assym * (n - 1) + (n - 1) * (n - 2) * omega(t) / 8\n",
    "rho0 = qutip.Qobj([\n",
    "    [1,0,0,0,0,0,0,0],\n",
    "    [0,0,0,0,0,0,0,0],\n",
    "    [0,0,0,0,0,0,0,0],\n",
    "    [0,0,0,0,0,0,0,0],\n",
    "    [0,0,0,0,0,0,0,0],\n",
    "    [0,0,0,0,0,0,0,0],\n",
    "    [0,0,0,0,0,0,0,0],\n",
    "    [0,0,0,0,0,0,0,0],\n",
    "])\n",
    "options = qutip.Options()\n",
    "options.nsteps = 5000\n",
    "tlist = np.linspace(0, sigma, num_t)\n",
    "d_range = np.linspace(0.03125-0.01,0.03125+0.01,40)\n",
    "A_range = np.linspace(0, 10, 40)\n"
   ]
  },
  {
   "cell_type": "code",
   "execution_count": 23,
   "id": "6c9478fb-b2aa-4eb8-92c3-b4936b962c08",
   "metadata": {},
   "outputs": [
    {
     "name": "stdout",
     "output_type": "stream",
     "text": [
      "Quantum object: dims = [[8], [8]], shape = (8, 8), type = oper, isherm = True\n",
      "Qobj data =\n",
      "[[1. 0. 0. 0. 0. 0. 0. 0.]\n",
      " [0. 0. 0. 0. 0. 0. 0. 0.]\n",
      " [0. 0. 0. 0. 0. 0. 0. 0.]\n",
      " [0. 0. 0. 0. 0. 0. 0. 0.]\n",
      " [0. 0. 0. 0. 0. 0. 0. 0.]\n",
      " [0. 0. 0. 0. 0. 0. 0. 0.]\n",
      " [0. 0. 0. 0. 0. 0. 0. 0.]\n",
      " [0. 0. 0. 0. 0. 0. 0. 0.]]\n",
      "Quantum object: dims = [[8], [8]], shape = (8, 8), type = oper, isherm = True\n",
      "Qobj data =\n",
      "[[ 9.93360007e-01+0.00000000e+00j  3.58349970e-07+8.10800410e-02j\n",
      "  -4.67951743e-03-1.85828371e-05j  3.02319719e-06-2.20490766e-04j\n",
      "   8.99431817e-06+2.68289961e-07j -1.72398729e-08+3.27956441e-07j\n",
      "  -1.09048139e-08-8.95204426e-10j  3.97936112e-11-3.35407850e-10j]\n",
      " [ 3.58349970e-07-8.10800410e-02j  6.61790067e-03+0.00000000e+00j\n",
      "  -1.51840843e-06+3.81941846e-04j -1.79961152e-05-2.46833887e-07j\n",
      "   2.19030335e-08-7.34119847e-07j  2.67705108e-08+1.40760616e-09j\n",
      "  -7.31075743e-11+8.90300449e-10j -2.73904063e-11-3.25060235e-12j]\n",
      " [-4.67951743e-03+1.85828371e-05j -1.51840843e-06-3.81941846e-04j\n",
      "   2.20431325e-05-8.75183358e-27j -1.01174438e-08+1.03868076e-06j\n",
      "  -4.23779639e-08-1.09593752e-09j  7.51325056e-11-1.54577849e-09j\n",
      "   5.14263146e-11+4.01807309e-12j -1.81497328e-13+1.58280319e-12j]\n",
      " [ 3.02319719e-06+2.20490766e-04j -1.79961152e-05+2.46833887e-07j\n",
      "  -1.01174438e-08-1.03868076e-06j  4.89524112e-08+8.75183358e-27j\n",
      "  -3.22033518e-11+1.99792263e-09j -7.29104082e-11-2.83271367e-12j\n",
      "   1.65880278e-13-2.42699602e-12j  7.47410559e-14+7.83358720e-15j]\n",
      " [ 8.99431817e-06-2.68289961e-07j  2.19030335e-08+7.34119847e-07j\n",
      "  -4.23779639e-08+1.09593752e-09j -3.22033518e-11-1.99792263e-09j\n",
      "   8.15837479e-11+0.00000000e+00j -6.76859069e-14+2.97913497e-12j\n",
      "  -9.92361216e-14-5.17698601e-15j  2.70691415e-16-3.05805369e-15j]\n",
      " [-1.72398729e-08-3.27956441e-07j  2.67705108e-08-1.40760616e-09j\n",
      "   7.51325056e-11+1.54577849e-09j -7.29104082e-11+2.83271367e-12j\n",
      "  -6.76859069e-14-2.97913497e-12j  1.08866536e-13+0.00000000e+00j\n",
      "  -1.06718939e-16+3.62905643e-15j -1.11903853e-16-7.34453141e-18j]\n",
      " [-1.09048139e-08+8.95204426e-10j -7.31075743e-11-8.90300449e-10j\n",
      "   5.14263146e-11-4.01807309e-12j  1.65880278e-13+2.42699602e-12j\n",
      "  -9.92361216e-14+5.17698601e-15j -1.06718939e-16-3.62905643e-15j\n",
      "   1.21055833e-16+0.00000000e+00j -1.34951360e-19+3.73467255e-18j]\n",
      " [ 3.97936112e-11+3.35407850e-10j -2.73904063e-11+3.25060235e-12j\n",
      "  -1.81497328e-13-1.58280319e-12j  7.47410559e-14-7.83358720e-15j\n",
      "   2.70691415e-16+3.05805369e-15j -1.11903853e-16+7.34453141e-18j\n",
      "  -1.34951360e-19-3.73467255e-18j  1.15244727e-19+0.00000000e+00j]]\n",
      "Quantum object: dims = [[8], [8]], shape = (8, 8), type = oper, isherm = True\n",
      "Qobj data =\n",
      "[[ 9.73705579e-01+0.00000000e+00j  2.78105835e-06+1.58944743e-01j\n",
      "  -1.83461943e-02-7.16587467e-05j  3.22954712e-05-1.72864192e-03j\n",
      "   1.40932913e-04+6.47882811e-06j -8.86656201e-07+1.02558582e-05j\n",
      "  -6.78734022e-07-9.55270468e-08j  8.71323842e-09-4.14539476e-08j]\n",
      " [ 2.78105835e-06-1.58944743e-01j  2.59456645e-02+0.00000000e+00j\n",
      "  -1.17495552e-05+2.99475070e-03j -2.82171430e-04-5.27659702e-06j\n",
      "   1.05797180e-06-2.30047081e-05j  1.67410951e-06+1.44771253e-07j\n",
      "  -1.55981337e-08+1.10799628e-07j -6.76793880e-09-1.42295246e-09j]\n",
      " [-1.83461943e-02+7.16587467e-05j -1.17495552e-05-2.99475070e-03j\n",
      "   3.45666000e-04+0.00000000e+00j -4.81261448e-07+3.25709741e-05j\n",
      "  -2.65576114e-06-1.11703752e-07j  1.59547707e-08-1.93309442e-07j\n",
      "   1.27983341e-08+1.75086037e-09j -1.61276752e-10+7.82115093e-10j]\n",
      " [ 3.22954712e-05+1.72864192e-03j -2.82171430e-04+5.27659702e-06j\n",
      "  -4.81261448e-07-3.25709741e-05j  3.06978384e-06+0.00000000e+00j\n",
      "  -6.82910344e-09+2.50420229e-07j -1.82409501e-08-1.23466504e-09j\n",
      "   1.47247378e-10-1.20886494e-09j  7.39684204e-11+1.41201955e-11j]\n",
      " [ 1.40932913e-04-6.47882811e-06j  1.05797180e-06+2.30047081e-05j\n",
      "  -2.65576114e-06+1.11703752e-07j -6.82910344e-09-2.50420229e-07j\n",
      "   2.04460172e-08+0.00000000e+00j -6.01659373e-11+1.49124201e-09j\n",
      "  -9.89979299e-11-9.32935018e-12j  9.88334776e-13-6.07064413e-12j]\n",
      " [-8.86656201e-07-1.02558582e-05j  1.67410951e-06-1.44771253e-07j\n",
      "   1.59547707e-08+1.93309442e-07j -1.82409501e-08+1.23466504e-09j\n",
      "  -6.01659373e-11-1.49124201e-09j  1.08968963e-10+0.00000000e+00j\n",
      "  -3.89364323e-13+7.25184169e-12j -4.46048206e-13-5.42701031e-14j]\n",
      " [-6.78734022e-07+9.55270468e-08j -1.55981337e-08-1.10799628e-07j\n",
      "   1.27983341e-08-1.75086037e-09j  1.47247378e-10+1.20886494e-09j\n",
      "  -9.89979299e-11+9.32935018e-12j -3.89364323e-13-7.25184169e-12j\n",
      "   4.84142439e-13+0.00000000e+00j -2.01892398e-15+2.98950420e-14j]\n",
      " [ 8.71323842e-09+4.14539476e-08j -6.76793880e-09+1.42295246e-09j\n",
      "  -1.61276752e-10-7.82115093e-10j  7.39684204e-11-1.41201955e-11j\n",
      "   9.88334776e-13+6.07064413e-12j -4.46048206e-13+5.42701031e-14j\n",
      "  -2.01892398e-15-2.98950420e-14j  1.85472440e-15+0.00000000e+00j]]\n",
      "Quantum object: dims = [[8], [8]], shape = (8, 8), type = oper, isherm = True\n",
      "Qobj data =\n",
      "[[ 9.41805753e-01+6.10152174e-23j  8.80938408e-06+2.30610254e-01j\n",
      "  -3.99280710e-02-1.49661948e-04j  1.32331419e-04-5.64255450e-03j\n",
      "   6.89398754e-04+4.26138818e-05j -9.00880841e-06+7.50224415e-05j\n",
      "  -7.39346530e-06-1.47676613e-06j  2.04301938e-07-6.69915660e-07j]\n",
      " [ 8.80938408e-06-2.30610254e-01j  5.64671615e-02-5.11655512e-24j\n",
      "  -3.70193476e-05+9.77672243e-03j -1.38161264e-03-3.24547619e-05j\n",
      "   1.04406987e-05-1.68801904e-04j  1.83695845e-05+2.20662139e-06j\n",
      "  -3.61696249e-07+1.81036763e-06j -1.64044729e-07-5.00404945e-08j]\n",
      " [-3.99280710e-02+1.49661948e-04j -3.70193476e-05-9.77672243e-03j\n",
      "   1.69274970e-03+5.11655512e-24j -4.71339355e-06+2.39229723e-04j\n",
      "  -2.92328883e-05-1.69706636e-06j  3.70040923e-07-3.18201501e-06j\n",
      "   3.13709132e-07+6.14484462e-08j -8.55929442e-09+2.84405623e-08j]\n",
      " [ 1.32331419e-04+5.64255450e-03j -1.38161264e-03+3.24547619e-05j\n",
      "  -4.71339355e-06-2.39229723e-04j  3.38227276e-05-6.99898546e-25j\n",
      "  -1.58455205e-07+4.13624500e-06j -4.50777361e-07-4.34442869e-08j\n",
      "   7.81333094e-09-4.45154374e-08j  4.04462514e-09+1.13104284e-09j]\n",
      " [ 6.89398754e-04-4.26138818e-05j  1.04406987e-05+1.68801904e-04j\n",
      "  -2.92328883e-05+1.69706636e-06j -1.58455205e-07-4.13624500e-06j\n",
      "   5.06604530e-07+6.99838296e-25j -3.20184587e-09+5.53394297e-08j\n",
      "  -5.48222871e-09-7.47281914e-10j  1.19446548e-10-5.00175206e-10j]\n",
      " [-9.00880841e-06-7.50224415e-05j  1.83695845e-05-2.20662139e-06j\n",
      "   3.70040923e-07+3.18201501e-06j -4.50777361e-07+4.34442869e-08j\n",
      "  -3.20184587e-09-5.53394297e-08j  6.06619887e-09+6.02495406e-29j\n",
      "  -4.70005665e-11+6.03782713e-10j -5.54226098e-11-9.89304950e-12j]\n",
      " [-7.39346530e-06+1.47676613e-06j -3.61696249e-07-1.81036763e-06j\n",
      "   3.13709132e-07-6.14484462e-08j  7.81333094e-09+4.45154374e-08j\n",
      "  -5.48222871e-09+7.47281914e-10j -4.70005665e-11-6.03782713e-10j\n",
      "   6.04730063e-11+0.00000000e+00j -5.55531420e-13+5.59545560e-12j]\n",
      " [ 2.04301938e-07+6.69915660e-07j -1.64044729e-07+5.00404945e-08j\n",
      "  -8.55929442e-09-2.84405623e-08j  4.04462514e-09-1.13104284e-09j\n",
      "   1.19446548e-10+5.00175206e-10j -5.54226098e-11+9.89304950e-12j\n",
      "  -5.55531420e-13-5.59545560e-12j  5.22952333e-13+0.00000000e+00j]]\n",
      "Quantum object: dims = [[8], [8]], shape = (8, 8), type = oper, isherm = True\n",
      "Qobj data =\n",
      "[[ 8.98899657e-01-2.42056878e-22j  1.86958246e-05+2.93464954e-01j\n",
      "  -6.77466263e-02-2.34560453e-04j  3.56476216e-04-1.27628018e-02j\n",
      "   2.07658125e-03+1.60331693e-04j -4.60025016e-05+3.00086650e-04j\n",
      "  -3.90461329e-05-1.01187113e-05j  1.87931644e-06-4.64486826e-06j]\n",
      " [ 1.86958246e-05-2.93464954e-01j  9.58081946e-02+5.63247822e-22j\n",
      "  -7.79863791e-05+2.21173703e-02j -4.16668332e-03-1.16645187e-04j\n",
      "   5.23880197e-05-6.77944606e-04j  9.79710040e-05+1.50255919e-05j\n",
      "  -3.30464244e-06+1.27479520e-05j -1.51653652e-06-6.13748192e-07j]\n",
      " [-6.77466263e-02+2.34560453e-04j -7.79863791e-05-2.21173703e-02j\n",
      "   5.10586178e-03-2.54495089e-22j -2.35364442e-05+9.61979385e-04j\n",
      "  -1.56549956e-04-1.15425989e-05j  3.38928578e-06-2.26301834e-05j\n",
      "   2.94588010e-06+7.52633178e-07j -1.40484181e-07+3.50652894e-07j]\n",
      " [ 3.56476216e-04+1.27628018e-02j -4.16668332e-03+1.16645187e-04j\n",
      "  -2.35364442e-05-9.61979385e-04j  1.81355406e-04-1.49865281e-22j\n",
      "  -1.45318866e-06+2.95499201e-05j -4.27977014e-06-5.34330684e-07j\n",
      "   1.28250931e-07-5.58590695e-07j  6.67292581e-08+2.48589907e-08j]\n",
      " [ 2.07658125e-03-1.60331693e-04j  5.23880197e-05+6.77944606e-04j\n",
      "  -1.56549956e-04+1.15425989e-05j -1.45318866e-06-2.95499201e-05j\n",
      "   4.82674932e-06-1.50507691e-23j -5.27777339e-08+7.01709579e-07j\n",
      "  -9.20616563e-08-1.64246557e-08j  3.51668624e-09-1.10748108e-08j]\n",
      " [-4.60025016e-05-3.00086650e-04j  9.79710040e-05-1.50255919e-05j\n",
      "   3.38928578e-06+2.26301834e-05j -4.27977014e-06+5.34330684e-07j\n",
      "  -5.27777339e-08-7.01709579e-07j  1.02598345e-07-5.03074018e-25j\n",
      "  -1.38132369e-09+1.35652003e-08j -1.64876654e-09-3.90196103e-10j]\n",
      " [-3.90461329e-05+1.01187113e-05j -3.30464244e-06-1.27479520e-05j\n",
      "   2.94588010e-06-7.52633178e-07j  1.28250931e-07+5.58590695e-07j\n",
      "  -9.20616563e-08+1.64246557e-08j -1.38132369e-09-1.35652003e-08j\n",
      "   1.81219395e-09-6.57674103e-27j -2.93893895e-11+2.23247957e-10j]\n",
      " [ 1.87931644e-06+4.64486826e-06j -1.51653652e-06+6.13748192e-07j\n",
      "  -1.40484181e-07-3.50652894e-07j  6.67292581e-08-2.48589907e-08j\n",
      "   3.51668624e-09+1.10748108e-08j -1.64876654e-09+3.90196103e-10j\n",
      "  -2.93893895e-11-2.23247957e-10j  2.79755248e-11+2.04399118e-28j]]\n",
      "Quantum object: dims = [[8], [8]], shape = (8, 8), type = oper, isherm = True\n",
      "Qobj data =\n",
      "[[ 8.46591285e-01+0.00000000e+00j  3.05690112e-05+3.45484562e-01j\n",
      "  -9.96952987e-02-3.00544087e-04j  7.51893752e-04-2.34731732e-02j\n",
      "   4.76724818e-03+4.38673965e-04j -1.59331896e-04+8.56899605e-04j\n",
      "  -1.37667128e-04-4.39126888e-05j  1.02466465e-05-2.00538969e-05j]\n",
      " [ 3.05690112e-05-3.45484562e-01j  1.40988874e-01+1.52655544e-21j\n",
      "  -1.26248721e-04+4.06846679e-02j -9.57913528e-03-3.07687859e-04j\n",
      "   1.79192173e-04-1.94545306e-03j  3.49689965e-04+6.50545875e-05j\n",
      "  -1.79264106e-05+5.61805755e-05j -8.18387876e-06-4.18273654e-06j]\n",
      " [-9.96952987e-02+3.00544087e-04j -1.26248721e-04-4.06846679e-02j\n",
      "   1.17403329e-02-8.63320201e-22j -8.02114530e-05+2.76449552e-03j\n",
      "  -5.61558864e-04-4.99682636e-05j  1.84606127e-05-1.00970138e-04j\n",
      "   1.62288796e-05+5.12321454e-06j -1.19987036e-06+2.36557847e-06j]\n",
      " [ 7.51893752e-04+2.34731732e-02j -9.57913528e-03+3.07687859e-04j\n",
      "  -8.02114530e-05-2.76449552e-03j  6.51509948e-04-6.62605289e-22j\n",
      "  -7.92981407e-06+1.32575724e-04j -2.39031104e-05-3.65745000e-06j\n",
      "   1.09565856e-06-3.85683916e-06j  5.65312371e-07+2.66430568e-07j]\n",
      " [ 4.76724818e-03-4.38673965e-04j  1.79192173e-04+1.94545306e-03j\n",
      "  -5.61558864e-04+4.99682636e-05j -7.92981407e-06-1.32575724e-04j\n",
      "   2.70752910e-05+1.00207417e-24j -4.53368596e-07+4.90896515e-06j\n",
      "  -7.98274880e-07-1.76042656e-07j  4.73463502e-08-1.18301966e-07j]\n",
      " [-1.59331896e-04-8.56899605e-04j  3.49689965e-04-6.50545875e-05j\n",
      "   1.84606127e-05+1.00970138e-04j -2.39031104e-05+3.65745000e-06j\n",
      "  -4.53368596e-07-4.90896515e-06j  8.97677850e-07-1.58710674e-24j\n",
      "  -1.85534543e-08+1.47699008e-07j -2.22458397e-08-6.60450157e-09j]\n",
      " [-1.37667128e-04+4.39126888e-05j -1.79264106e-05-5.61805755e-05j\n",
      "   1.62288796e-05-5.12321454e-06j  1.09565856e-06+3.85683916e-06j\n",
      "  -7.98274880e-07+1.76042656e-07j -1.85534543e-08-1.47699008e-07j\n",
      "   2.46864381e-08-4.45264896e-26j -6.26925844e-10+3.79707226e-09j]\n",
      " [ 1.02466465e-05+2.00538969e-05j -8.18387876e-06+4.18273654e-06j\n",
      "  -1.19987036e-06-2.36557847e-06j  5.65312371e-07-2.66430568e-07j\n",
      "   4.73463502e-08+1.18301966e-07j -2.22458397e-08+6.60450157e-09j\n",
      "  -6.26925844e-10-3.79707226e-09j  5.99956573e-10-3.89135682e-28j]]\n",
      "Quantum object: dims = [[8], [8]], shape = (8, 8), type = oper, isherm = True\n",
      "Qobj data =\n",
      "[[ 7.86765859e-01-3.11079743e-22j  3.97730819e-05+3.85293066e-01j\n",
      "  -1.33424546e-01-3.17236338e-04j  1.34475983e-03-3.76928072e-02j\n",
      "   9.17191997e-03+9.73197563e-04j -4.28557271e-04+1.96712678e-03j\n",
      "  -3.73740212e-04-1.41735270e-04j  3.98591478e-05-6.36276253e-05j]\n",
      " [ 3.97730819e-05-3.85293066e-01j  1.88685375e-01+9.91321269e-22j\n",
      "  -1.62101559e-04+6.53405693e-02j -1.84588108e-02-6.60459075e-04j\n",
      "   4.77058638e-04-4.49161415e-03j  9.63322138e-04+2.09975508e-04j\n",
      "  -6.94320267e-05+1.83023287e-04j -3.11585941e-05-1.95244406e-05j]\n",
      " [-1.33424546e-01+3.17236338e-04j -1.62101559e-04-6.53405693e-02j\n",
      "   2.26271474e-02-6.89532481e-22j -2.12855364e-04+6.39273388e-03j\n",
      "  -1.55583482e-03-1.61346282e-04j  7.18884863e-05-3.33778560e-04j\n",
      "   6.34418352e-05+2.38883977e-05j -6.73522874e-06+1.08074784e-05j]\n",
      " [ 1.34475983e-03+3.76928072e-02j -1.84588108e-02+6.60459075e-04j\n",
      "  -2.12855364e-04-6.39273388e-03j  1.80811903e-03+3.67882963e-22j\n",
      "  -3.09496095e-05+4.41088432e-04j -9.49810988e-05-1.71716293e-05j\n",
      "   6.15297371e-06-1.81499814e-05j  3.11709471e-06+1.80150835e-06j]\n",
      " [ 9.17191997e-03-9.73197563e-04j  4.77058638e-04+4.49161415e-03j\n",
      "  -1.55583482e-03+1.61346282e-04j -3.09496095e-05-4.41088432e-04j\n",
      "   1.08135415e-04-6.61607128e-22j -2.56341778e-06+2.34658665e-05j\n",
      "  -4.53346019e-06-1.19049879e-06j  3.86195446e-07-7.91370484e-07j]\n",
      " [-4.28557271e-04-1.96712678e-03j  9.63322138e-04-2.09975508e-04j\n",
      "   7.18884863e-05+3.33778560e-04j -9.49810988e-05+1.71716293e-05j\n",
      "  -2.56341778e-06-2.34658665e-05j  5.15320299e-06+2.36452536e-25j\n",
      "  -1.50892251e-07+1.01210245e-06j -1.80913799e-07-6.50572097e-08j]\n",
      " [-3.73740212e-04+1.41735270e-04j -6.94320267e-05-1.83023287e-04j\n",
      "   6.34418352e-05-2.38883977e-05j  6.15297371e-06+1.81499814e-05j\n",
      "  -4.53346019e-06+1.19049879e-06j -1.50892251e-07-1.01210245e-06j\n",
      "   2.03208794e-07-4.83247989e-24j -7.48073819e-09+3.74407587e-08j]\n",
      " [ 3.98591478e-05+6.36276253e-05j -3.11585941e-05+1.95244406e-05j\n",
      "  -6.73522874e-06-1.08074784e-05j  3.11709471e-06-1.80150835e-06j\n",
      "   3.86195446e-07+7.91370484e-07j -1.80913799e-07+6.50572097e-08j\n",
      "  -7.48073819e-09-3.74407587e-08j  7.17398252e-09+2.78506607e-26j]]\n",
      "Quantum object: dims = [[8], [8]], shape = (8, 8), type = oper, isherm = True\n",
      "Qobj data =\n",
      "[[ 7.21505437e-01-1.83781987e-21j  3.86463399e-05+4.12214428e-01j\n",
      "  -1.66539172e-01-2.55074186e-04j  2.12903859e-03-5.48815034e-02j\n",
      "   1.55539220e-02+1.85620495e-03j -9.62468498e-04+3.86713527e-03j\n",
      "  -8.42900427e-04-3.70719864e-04j  1.22096243e-04-1.61921567e-04j]\n",
      " [ 3.86463399e-05-4.12214428e-01j  2.35509254e-01+7.29611428e-21j\n",
      "  -1.54651343e-04+9.51483982e-02j -3.13551736e-02-1.21931499e-03j\n",
      "   1.06133309e-03-8.88627112e-03j  2.20934958e-03+5.50095093e-04j\n",
      "  -2.11851627e-04+4.81554757e-04j -9.25047020e-05-6.97685863e-05j]\n",
      " [-1.66539172e-01+2.55074186e-04j -1.54651343e-04-9.51483982e-02j\n",
      "   3.84410972e-02-6.12933609e-21j -4.72026798e-04+1.26686265e-02j\n",
      "  -3.59085291e-03-4.22957984e-04j  2.20798480e-04-8.92969847e-04j\n",
      "   1.94696259e-04+8.52779060e-05j -2.81287083e-05+3.74199081e-05j]\n",
      " [ 2.12903859e-03+5.48815034e-02j -3.13551736e-02+1.21931499e-03j\n",
      "  -4.72026798e-04-1.26686265e-02j  4.18087069e-03+5.92526302e-21j\n",
      "  -9.52988778e-05+1.18860469e-03j -2.97005089e-04-6.18039736e-05j\n",
      "   2.57153635e-05-6.52140639e-05j  1.26783495e-05+8.81164374e-06j]\n",
      " [ 1.55539220e-02-1.85620495e-03j  1.06133309e-03+8.88627112e-03j\n",
      "  -3.59085291e-03+4.22957984e-04j -9.52988778e-05-1.18860469e-03j\n",
      "   3.40093049e-04-3.85613366e-21j -1.08013080e-05+8.58495455e-05j\n",
      "  -1.91276268e-05-5.82486270e-06j  2.21646246e-06-3.80567158e-06j]\n",
      " [-9.62468498e-04-3.86713527e-03j  2.20934958e-03-5.50095093e-04j\n",
      "   2.20798480e-04+8.92969847e-04j -2.97005089e-04+6.18039736e-05j\n",
      "  -1.08013080e-05-8.58495455e-05j  2.20147720e-05-1.87053855e-22j\n",
      "  -8.62958275e-07+5.01376064e-06j -1.03118853e-06-4.38700868e-07j]\n",
      " [-8.42900427e-04+3.70719864e-04j -2.11851627e-04-4.81554757e-04j\n",
      "   1.94696259e-04-8.52779060e-05j  2.57153635e-05+6.52140639e-05j\n",
      "  -1.91276268e-05+5.82486270e-06j -8.62958275e-07-5.01376064e-06j\n",
      "   1.17574517e-06-1.34376233e-23j -5.94974273e-08+2.52071172e-07j]\n",
      " [ 1.22096243e-04+1.61921567e-04j -9.25047020e-05+6.97685863e-05j\n",
      "  -2.81287083e-05-3.74199081e-05j  1.26783495e-05-8.81164374e-06j\n",
      "   2.21646246e-06+3.80567158e-06j -1.03118853e-06+4.38700868e-07j\n",
      "  -5.94974273e-08-2.52071172e-07j  5.70561543e-08-1.58792128e-24j]]\n",
      "Quantum object: dims = [[8], [8]], shape = (8, 8), type = oper, isherm = True\n",
      "Qobj data =\n",
      "[[ 6.52897726e-01-2.11739606e-21j  1.69956056e-05+4.26302422e-01j\n",
      "  -1.96840379e-01-9.12970172e-05j  3.06301465e-03-7.41284168e-02j\n",
      "   2.39690437e-02+3.15437795e-03j -1.88624678e-03+6.76409002e-03j\n",
      "  -1.65374012e-03-8.27812534e-04j  3.12674868e-04-3.48258514e-04j]\n",
      " [ 1.69956056e-05-4.26302422e-01j  2.78350179e-01+3.08604747e-21j\n",
      "  -6.47368137e-05+1.28525190e-01j -4.84013716e-02-2.00189250e-03j\n",
      "   2.06023928e-03-1.56502548e-02j  4.41649065e-03+1.23178278e-03j\n",
      "  -5.40559120e-04+1.07977167e-03j -2.27383653e-04-2.04171750e-04j]\n",
      " [-1.96840379e-01+9.12970172e-05j -6.47368137e-05-1.28525190e-01j\n",
      "   5.93450775e-02-2.22455143e-20j -9.13091846e-04+2.23492201e-02j\n",
      "  -7.22679519e-03-9.47652555e-04j  5.67739618e-04-2.03955313e-03j\n",
      "   4.98701356e-04+2.49351710e-04j -9.42256244e-05+1.05040300e-04j]\n",
      " [ 3.06301465e-03+7.41284168e-02j -4.84013716e-02+2.00189250e-03j\n",
      "  -9.13091846e-04-2.23492201e-02j  8.43071235e-03+2.08099448e-20j\n",
      "  -2.45693726e-04+2.73618409e-03j -7.76835533e-04-1.82433308e-04j\n",
      "   8.62363897e-05-1.91651107e-04j  4.10092121e-05+3.38718383e-05j]\n",
      " [ 2.39690437e-02-3.15437795e-03j  2.06023928e-03+1.56502548e-02j\n",
      "  -7.22679519e-03+9.47652555e-04j -2.45693726e-04-2.73618409e-03j\n",
      "   8.95196089e-04-3.37925396e-22j -3.65710864e-05+2.57445076e-04j\n",
      "  -6.47166812e-05-2.24044134e-05j  9.79916651e-06-1.42977303e-05j]\n",
      " [-1.88624678e-03-6.76409002e-03j  4.41649065e-03-1.23178278e-03j\n",
      "   5.67739618e-04+2.03955313e-03j -7.76835533e-04+1.82433308e-04j\n",
      "  -3.65710864e-05-2.57445076e-04j  7.55334016e-05-3.53666609e-22j\n",
      "  -3.79962911e-06+1.95280317e-05j -4.51260407e-06-2.23430654e-06j]\n",
      " [-1.65374012e-03+8.27812534e-04j -5.40559120e-04-1.07977167e-03j\n",
      "   4.98701356e-04-2.49351710e-04j  8.62363897e-05+1.91651107e-04j\n",
      "  -6.47166812e-05+2.24044134e-05j -3.79962911e-06-1.95280317e-05j\n",
      "   5.24004736e-06-7.41963691e-23j -3.50688799e-07+1.27918687e-06j]\n",
      " [ 3.12674868e-04+3.48258514e-04j -2.27383653e-04+2.04171750e-04j\n",
      "  -9.42256244e-05-1.05040300e-04j  4.10092121e-05-3.38718383e-05j\n",
      "   9.79916651e-06+1.42977303e-05j -4.51260407e-06+2.23430654e-06j\n",
      "  -3.50688799e-07-1.27918687e-06j  3.35764134e-07-8.92718001e-24j]]\n",
      "Quantum object: dims = [[8], [8]], shape = (8, 8), type = oper, isherm = True\n",
      "Qobj data =\n",
      "[[ 5.82990701e-01-1.32747002e-21j -3.68503873e-05+4.28239413e-01j\n",
      "  -2.22460227e-01+1.84051927e-04j  4.07232919e-03-9.42493843e-02j\n",
      "   3.42279303e-02+4.88712506e-03j -3.31891176e-03+1.07884369e-02j\n",
      "  -2.90781761e-03-1.63196975e-03j  6.95626138e-04-6.54198464e-04j]\n",
      " [-3.68503873e-05-4.28239413e-01j  3.14566603e-01+2.45071185e-20j\n",
      "   1.49255082e-04+1.63410049e-01j -6.92318973e-02-2.98540073e-03j\n",
      "   3.58769924e-03-2.51426640e-02j  7.92491575e-03+2.43724149e-03j\n",
      "  -1.19859131e-03+2.13605536e-03j -4.80586596e-04-5.10940529e-04j]\n",
      " [-2.22460227e-01-1.84051927e-04j  1.49255082e-04-1.63410049e-01j\n",
      "   8.48877359e-02-1.70448597e-19j -1.58368746e-03+3.59628542e-02j\n",
      "  -1.30592745e-02-1.87564708e-03j  1.26984993e-03-4.11563732e-03j\n",
      "   1.10906034e-03+6.23658805e-04j -2.65656330e-04+2.49409653e-04j]\n",
      " [ 4.07232919e-03+9.42493843e-02j -6.92318973e-02+2.98540073e-03j\n",
      "  -1.58368746e-03-3.59628542e-02j  1.52652557e-02+1.21224679e-19j\n",
      "  -5.50985856e-04+5.56757507e-03j -1.76729457e-03-4.61197882e-04j\n",
      "   2.43530180e-04-4.81495944e-04j  1.10620463e-04+1.07898688e-04j]\n",
      " [ 3.42279303e-02-4.88712506e-03j  3.58769924e-03+2.51426640e-02j\n",
      "  -1.30592745e-02+1.87564708e-03j -5.50985856e-04-5.56757507e-03j\n",
      "   2.05051513e-03+1.90784377e-20j -1.04423003e-04+6.61228484e-04j\n",
      "  -1.84408152e-04-7.14453513e-05j  3.53635242e-05-4.42423373e-05j]\n",
      " [-3.31891176e-03-1.07884369e-02j  7.92491575e-03-2.43724149e-03j\n",
      "   1.26984993e-03+4.11563732e-03j -1.76729457e-03+4.61197882e-04j\n",
      "  -1.04423003e-04-6.61228484e-04j  2.18547989e-04+8.70704435e-21j\n",
      "  -1.36487394e-05+6.31073018e-05j -1.60689760e-05-9.15167562e-06j]\n",
      " [-2.90781761e-03+1.63196975e-03j -1.19859131e-03-2.13605536e-03j\n",
      "   1.10906034e-03-6.23658805e-04j  2.43530180e-04+4.81495944e-04j\n",
      "  -1.84408152e-04+7.14453513e-05j -1.36487394e-05-6.31073018e-05j\n",
      "   1.90757751e-05+9.72845859e-22j -1.63927076e-06+5.21201579e-06j]\n",
      " [ 6.95626138e-04+6.54198464e-04j -4.80586596e-04+5.10940529e-04j\n",
      "  -2.65656330e-04-2.49409653e-04j  1.10620463e-04-1.07898688e-04j\n",
      "   3.53635242e-05+4.42423373e-05j -1.60689760e-05+9.15167562e-06j\n",
      "  -1.63927076e-06-5.21201579e-06j  1.56504198e-06+4.40170763e-23j]]\n",
      "Quantum object: dims = [[8], [8]], shape = (8, 8), type = oper, isherm = True\n",
      "Qobj data =\n",
      "[[ 5.13681010e-01-8.23569919e-21j -1.34375207e-04+4.19250048e-01j\n",
      "  -2.41998127e-01+5.64024246e-04j  5.06080452e-03-1.13929077e-01j\n",
      "   4.59016302e-02+7.01281689e-03j -5.34635570e-03+1.59565864e-02j\n",
      "  -4.67743745e-03-2.90666753e-03j  1.38022562e-03-1.09674974e-03j]\n",
      " [-1.34375207e-04-4.19250048e-01j  3.42179265e-01-3.68999740e-20j\n",
      "   5.23639644e-04+1.97511652e-01j -9.29868731e-02-4.10067481e-03j\n",
      "   5.71162624e-03-3.74653315e-02j  1.30246495e-02+4.35934171e-03j\n",
      "  -2.37110192e-03+3.81832927e-03j -8.95486388e-04-1.12621267e-03j]\n",
      " [-2.41998127e-01-5.64024246e-04j  5.23639644e-04-1.97511652e-01j\n",
      "   1.14007822e-01+3.37662693e-19j -2.50926580e-03+5.36672115e-02j\n",
      "  -2.16167983e-02-3.35416118e-03j  2.53620688e-03-7.51134041e-03j\n",
      "   2.20036546e-03+1.37448368e-03j -6.51446252e-04+5.15159959e-04j]\n",
      " [ 5.06080452e-03+1.13929077e-01j -9.29868731e-02+4.10067481e-03j\n",
      "  -2.50926580e-03-5.36672115e-02j  2.53180919e-02-2.72145571e-19j\n",
      "  -1.10313515e-03+1.02495312e-02j -3.59165117e-03-1.02855878e-03j\n",
      "   5.98593755e-04-1.06603885e-03j  2.56840143e-04+2.95328261e-04j]\n",
      " [ 4.59016302e-02-7.01281689e-03j  5.71162624e-03+3.74653315e-02j\n",
      "  -2.16167983e-02+3.35416118e-03j -1.10313515e-03-1.02495312e-02j\n",
      "   4.19739532e-03-4.05112607e-20j -2.59904413e-04+1.49883810e-03j\n",
      "  -4.57655129e-04-1.95887103e-04j  1.08374007e-04-1.16847391e-04j]\n",
      " [-5.34635570e-03-1.59565864e-02j  1.30246495e-02-4.35934171e-03j\n",
      "   2.53620688e-03+7.51134041e-03j -3.59165117e-03+1.02855878e-03j\n",
      "  -2.59904413e-04-1.49883810e-03j  5.51317364e-04+4.00227518e-21j\n",
      "  -4.16124771e-05+1.75558236e-04j -4.84380334e-05-3.14666346e-05j]\n",
      " [-4.67743745e-03+2.90666753e-03j -2.37110192e-03-3.81832927e-03j\n",
      "   2.20036546e-03-1.37448368e-03j  5.98593755e-04+1.06603885e-03j\n",
      "  -4.57655129e-04+1.95887103e-04j -4.16124771e-05-1.75558236e-04j\n",
      "   5.90462240e-05+2.17619589e-22j -6.36468617e-06+1.78005514e-05j]\n",
      " [ 1.38022562e-03+1.09674974e-03j -8.95486388e-04+1.12621267e-03j\n",
      "  -6.51446252e-04-5.15159959e-04j  2.56840143e-04-2.95328261e-04j\n",
      "   1.08374007e-04+1.16847391e-04j -4.84380334e-05+3.14666346e-05j\n",
      "  -6.36468617e-06-1.78005514e-05j  6.05273652e-06+1.66361336e-22j]]\n",
      "Quantum object: dims = [[8], [8]], shape = (8, 8), type = oper, isherm = True\n",
      "Qobj data =\n",
      "[[ 4.46621528e-01-8.42845409e-21j -2.84936228e-04+4.00966259e-01j\n",
      "  -2.54596614e-01+1.02358443e-03j  5.92622715e-03-1.31871025e-01j\n",
      "   5.83652034e-02+9.42659766e-03j -7.99662996e-03+2.21518188e-02j\n",
      "  -6.98741067e-03-4.75583517e-03j  2.48895251e-03-1.66473864e-03j]\n",
      " [-2.84936228e-04-4.00966259e-01j  3.59978557e-01-5.08196968e-21j\n",
      "   1.08138362e-03+2.28570767e-01j -1.18394971e-01-5.23632702e-03j\n",
      "   8.42578472e-03-5.24051760e-02j  1.98925738e-02+7.16507691e-03j\n",
      "  -4.26522375e-03+6.27619079e-03j -1.49615232e-03-2.23345933e-03j]\n",
      " [-2.54596614e-01-1.02358443e-03j  1.08138362e-03-2.28570767e-01j\n",
      "   1.45136006e-01+2.17900046e-19j -3.68051040e-03+7.51601193e-02j\n",
      "  -3.32497647e-02-5.50743554e-03j  4.60926252e-03-1.26094036e-02j\n",
      "   3.97229245e-03+2.72707753e-03j -1.42264112e-03+9.43275255e-04j]\n",
      " [ 5.92622715e-03+1.31871025e-01j -1.18394971e-01+5.23632702e-03j\n",
      "  -3.68051040e-03-7.51601193e-02j  3.90157247e-02-3.39371566e-19j\n",
      "  -2.00889034e-03+1.73583457e-02j -6.64676520e-03-2.06718097e-03j\n",
      "   1.31150643e-03-2.12623654e-03j  5.24554198e-04+7.12810229e-04j]\n",
      " [ 5.83652034e-02-9.42659766e-03j  8.42578472e-03+5.24051760e-02j\n",
      "  -3.32497647e-02+5.50743554e-03j -2.00889034e-03-1.73583457e-02j\n",
      "   7.82626254e-03+1.38904843e-19j -5.77465784e-04+3.06362032e-03j\n",
      "  -1.01350477e-03-4.74022093e-04j  2.90130642e-04-2.70078730e-04j]\n",
      " [-7.99662996e-03-2.21518188e-02j  1.98925738e-02-7.16507691e-03j\n",
      "   4.60926252e-03+1.26094036e-02j -6.64676520e-03+2.06718097e-03j\n",
      "  -5.77465784e-04-3.06362032e-03j  1.24187877e-03+3.80071636e-21j\n",
      "  -1.10777401e-04+4.31721059e-04j -1.27133316e-04-9.36486455e-05j]\n",
      " [-6.98741067e-03+4.75583517e-03j -4.26522375e-03-6.27619079e-03j\n",
      "   3.97229245e-03-2.72707753e-03j  1.31150643e-03+2.12623654e-03j\n",
      "  -1.01350477e-03+4.74022093e-04j -1.10777401e-04-4.31721059e-04j\n",
      "   1.59965096e-04-1.38836847e-21j -2.12162295e-05+5.25513612e-05j]\n",
      " [ 2.48895251e-03+1.66473864e-03j -1.49615232e-03+2.23345933e-03j\n",
      "  -1.42264112e-03-9.43275255e-04j  5.24554198e-04-7.12810229e-04j\n",
      "   2.90130642e-04+2.70078730e-04j -1.27133316e-04+9.36486455e-05j\n",
      "  -2.12162295e-05-5.25513612e-05j  2.00786386e-05-9.49803210e-22j]]\n",
      "Quantum object: dims = [[8], [8]], shape = (8, 8), type = oper, isherm = True\n",
      "Qobj data =\n",
      "[[ 3.83183241e-01+3.15749684e-21j -4.93841662e-04+3.75279400e-01j\n",
      "  -2.59951981e-01+1.52138900e-03j  6.57743797e-03-1.46927388e-01j\n",
      "   7.08641193e-02+1.19694598e-02j -1.12220700e-02+2.91235207e-02j\n",
      "  -9.80424530e-03-7.23755980e-03j  4.13632438e-03-2.30852044e-03j]\n",
      " [-4.93841662e-04-3.75279400e-01j  3.67539437e-01-1.66907949e-20j\n",
      "   1.82504123e-03+2.54588530e-01j -1.43905721e-01-6.25244078e-03j\n",
      "   1.16313008e-02-6.94181549e-02j  2.85373882e-02+1.09531036e-02j\n",
      "  -7.07565128e-03+9.61138425e-03j -2.26624324e-03-4.04802744e-03j]\n",
      " [-2.59951981e-01-1.52138900e-03j  1.82504123e-03-2.54588530e-01j\n",
      "   1.76358629e-01-4.41812200e-20j -5.04555349e-03+9.96503381e-02j\n",
      "  -4.80271814e-02-8.40152559e-03j  7.72873513e-03-1.97130226e-02j\n",
      "   6.62251777e-03+4.94890117e-03j -2.81524338e-03+1.54968370e-03j]\n",
      " [ 6.57743797e-03+1.46927388e-01j -1.43905721e-01+6.25244078e-03j\n",
      "  -5.04555349e-03-9.96503381e-02j  5.64511450e-02+1.04022584e-19j\n",
      "  -3.37317950e-03+2.73777855e-02j -1.13597998e-02-3.80307295e-03j\n",
      "   2.60686308e-03-3.88358058e-03j  9.56169703e-04+1.54639302e-03j]\n",
      " [ 7.08641193e-02-1.19694598e-02j  1.16313008e-02+6.94181549e-02j\n",
      "  -4.80271814e-02+8.40152559e-03j -3.37317950e-03-2.73777855e-02j\n",
      "   1.34792663e-02-4.81218686e-20j -1.16562596e-03+5.73652639e-03j\n",
      "  -2.03922939e-03-1.03222096e-03j  6.92841997e-04-5.56122127e-04j]\n",
      " [-1.12220700e-02-2.91235207e-02j  2.85373882e-02-1.09531036e-02j\n",
      "   7.72873513e-03+1.97130226e-02j -1.13597998e-02+3.80307295e-03j\n",
      "  -1.16562596e-03-5.73652639e-03j  2.54215893e-03+1.13819800e-20j\n",
      "  -2.62952403e-04+9.57124166e-04j -2.96591016e-04-2.46775809e-04j]\n",
      " [-9.80424530e-03+7.23755980e-03j -7.07565128e-03-9.61138425e-03j\n",
      "   6.62251777e-03-4.94890117e-03j  2.60686308e-03+3.88358058e-03j\n",
      "  -2.03922939e-03+1.03222096e-03j -2.62952403e-04-9.57124166e-04j\n",
      "   3.87559768e-04+4.21477553e-21j -6.22354851e-05+1.37195099e-04j]\n",
      " [ 4.13632438e-03+2.30852044e-03j -2.26624324e-03+4.04802744e-03j\n",
      "  -2.81524338e-03-1.54968370e-03j  9.56169703e-04-1.54639302e-03j\n",
      "   6.92841997e-04+5.56122127e-04j -2.96591016e-04+2.46775809e-04j\n",
      "  -6.22354851e-05-1.37195099e-04j  5.85623772e-05+2.95836837e-21j]]\n",
      "Quantum object: dims = [[8], [8]], shape = (8, 8), type = oper, isherm = True\n",
      "Qobj data =\n",
      "[[ 3.24402395e-01-2.36248913e-20j -7.60929194e-04+3.44181645e-01j\n",
      "  -2.58277426e-01+2.00502708e-03j  6.94963093e-03-1.58209045e-01j\n",
      "   8.26033637e-02+1.44492058e-02j -1.48956944e-02+3.65107886e-02j\n",
      "  -1.30377613e-02-1.03444653e-02j  6.40357871e-03-2.93805537e-03j]\n",
      " [-7.60929194e-04-3.44181645e-01j  3.65168754e-01-7.85533731e-20j\n",
      "   2.73311800e-03+2.74020607e-01j -1.67872030e-01-7.00228533e-03j\n",
      "   1.51365136e-02-8.76740426e-02j  3.87720135e-02+1.57183359e-02j\n",
      "  -1.09446372e-02+1.38570197e-02j -3.13223552e-03-6.78712848e-03j]\n",
      " [-2.58277426e-01-2.00502708e-03j  2.73311800e-03-2.74020607e-01j\n",
      "   2.05644300e-01-4.35880696e-19j -6.51094779e-03+1.25918170e-01j\n",
      "  -6.56770328e-02-1.20145944e-02j  1.20851595e-02-2.89767394e-02j\n",
      "   1.03163401e-02+8.31650578e-03j -5.11645157e-03+2.29961997e-03j]\n",
      " [ 6.94963093e-03+1.58209045e-01j -1.67872030e-01+7.00228533e-03j\n",
      "  -6.51094779e-03-1.25918170e-01j  7.73071999e-02+1.23271182e-19j\n",
      "  -5.27723959e-03+4.05951274e-02j -1.81253638e-02-6.48240846e-03j\n",
      "   4.76563204e-03-6.58009666e-03j  1.57006207e-03+3.06002808e-03j]\n",
      " [ 8.26033637e-02-1.44492058e-02j  1.51365136e-02+8.76740426e-02j\n",
      "  -6.56770328e-02+1.20145944e-02j -5.27723959e-03-4.05951274e-02j\n",
      "   2.16772944e-02+4.25029692e-19j -2.16670260e-03+9.96036506e-03j\n",
      "  -3.78060419e-03-2.05331446e-03j  1.49968394e-03-1.03333662e-03j]\n",
      " [-1.48956944e-02-3.65107886e-02j  3.87720135e-02-1.57183359e-02j\n",
      "   1.20851595e-02+2.89767394e-02j -1.81253638e-02+6.48240846e-03j\n",
      "  -2.16670260e-03-9.96036506e-03j  4.79318835e-03+1.42807680e-20j\n",
      "  -5.65583076e-04+1.94236049e-03j -6.24697257e-04-5.85802076e-04j]\n",
      " [-1.30377613e-02+1.03444653e-02j -1.09446372e-02-1.38570197e-02j\n",
      "   1.03163401e-02-8.31650578e-03j  4.76563204e-03+6.58009666e-03j\n",
      "  -3.78060419e-03+2.05331446e-03j -5.65583076e-04-1.94236049e-03j\n",
      "   8.53850468e-04+1.23875845e-20j -1.63679071e-04+3.22274364e-04j]\n",
      " [ 6.40357871e-03+2.93805537e-03j -3.13223552e-03+6.78712848e-03j\n",
      "  -5.11645157e-03-2.29961997e-03j  1.57006207e-03-3.06002808e-03j\n",
      "   1.49968394e-03+1.03333662e-03j -6.24697257e-04+5.85802076e-04j\n",
      "  -1.63679071e-04-3.22274364e-04j  1.53018147e-04-1.60410891e-21j]]\n",
      "Quantum object: dims = [[8], [8]], shape = (8, 8), type = oper, isherm = True\n",
      "Qobj data =\n",
      "[[ 0.27100477+1.16281729e-20j -0.00107969+3.09641058e-01j\n",
      "  -0.25022214+2.41777525e-03j  0.00701455-1.65146933e-01j\n",
      "   0.09282845+1.66657762e-02j -0.01881817+4.38755398e-02j\n",
      "  -0.01654981-1.39922044e-02j  0.00931224-3.43055679e-03j]\n",
      " [-0.00107969-3.09641058e-01j  0.35378991-5.61110665e-19j\n",
      "   0.00375939+2.85886096e-01j -0.18871974-7.35665281e-03j\n",
      "   0.01867201-1.06129454e-01j  0.05020591+2.13263167e-02j\n",
      "  -0.01592116+1.89650944e-02j -0.00395678-1.06262204e-02j]\n",
      " [-0.25022214-2.41777525e-03j  0.00375939-2.85886096e-01j\n",
      "   0.23105548+1.28958548e-18j -0.00795005+1.52420491e-01j\n",
      "  -0.08556163-1.62160518e-02j  0.01776664-4.03432878e-02j\n",
      "   0.01515595+1.30669189e-02j -0.00862874+3.08445198e-03j]\n",
      " [ 0.00701455+1.65146933e-01j -0.18871974+7.35665281e-03j\n",
      "  -0.00795005-1.52420491e-01j  0.10082093-1.67482500e-19j\n",
      "  -0.00775329+5.70004874e-02j -0.02722458-1.03319990e-02j\n",
      "   0.00809836-1.04475257e-02j  0.00233161+5.58596418e-03j]\n",
      " [ 0.09282845-1.66657762e-02j  0.01867201+1.06129454e-01j\n",
      "  -0.08556163+1.62160518e-02j -0.00775329-5.70004874e-02j\n",
      "   0.03282221-6.71348779e-19j -0.00374771+1.61862885e-02j\n",
      "  -0.0065294 -3.77506604e-03j  0.00297878-1.74775961e-03j]\n",
      " [-0.01881817-4.38755398e-02j  0.05020591-2.13263167e-02j\n",
      "   0.01776664+4.03432878e-02j -0.02722458+1.03319990e-02j\n",
      "  -0.00374771-1.61862885e-02j  0.00841018+6.59376793e-20j\n",
      "  -0.00111613+3.65101482e-03j -0.00120202-1.26942513e-03j]\n",
      " [-0.01654981+1.39922044e-02j -0.01592116-1.89650944e-02j\n",
      "   0.01515595-1.30669189e-02j  0.00809836+1.04475257e-02j\n",
      "  -0.0065294 +3.77506604e-03j -0.00111613-3.65101482e-03j\n",
      "   0.0017331 +3.13854215e-20j -0.00039157+6.90289997e-04j]\n",
      " [ 0.00931224+3.43055679e-03j -0.00395678+1.06262204e-02j\n",
      "  -0.00862874-3.08445198e-03j  0.00233161-5.58596418e-03j\n",
      "   0.00297878+1.74775961e-03j -0.00120202+1.26942513e-03j\n",
      "  -0.00039157-6.90289997e-04j  0.00036341-1.32779887e-20j]]\n",
      "Quantum object: dims = [[8], [8]], shape = (8, 8), type = oper, isherm = True\n",
      "Qobj data =\n",
      "[[ 0.22340075-2.23081911e-19j -0.00143739+2.73479162e-01j\n",
      "  -0.23676578+2.70688849e-03j  0.00678432-1.67523390e-01j\n",
      "   0.10090667+1.84400867e-02j -0.02273958+5.07509261e-02j\n",
      "  -0.02017198-1.80235499e-02j  0.01280602-3.64852332e-03j]\n",
      " [-0.00143739-2.73479162e-01j  0.33479255-1.89294536e-20j\n",
      "   0.00483709+2.89822819e-01j -0.20512003-7.22724243e-03j\n",
      "   0.02192452-1.23645275e-01j  0.06227399+2.75105585e-02j\n",
      "  -0.02193409+2.48098735e-02j -0.00454883-1.56532500e-02j]\n",
      " [-0.23676578-2.70688849e-03j  0.00483709-2.89822819e-01j\n",
      "   0.25096362+7.53208527e-19j -0.00922009+1.77464061e-01j\n",
      "  -0.10672068-2.07661182e-02j  0.02471514-5.35119984e-02j\n",
      "   0.02116056+1.93463941e-02j -0.01361643+3.71170972e-03j]\n",
      " [ 0.00678432+1.67523390e-01j -0.20512003+7.22724243e-03j\n",
      "  -0.00922009-1.77464061e-01j  0.12582914-4.34741556e-19j\n",
      "  -0.01076359+7.62284955e-02j -0.03874802-1.55108667e-02j\n",
      "   0.012903  -1.56740537e-02j  0.00312493+9.49219425e-03j]\n",
      " [ 0.10090667-1.84400867e-02j  0.02192452+1.23645275e-01j\n",
      "  -0.10672068+2.07661182e-02j -0.01076359-7.62284955e-02j\n",
      "   0.04710066+5.08019630e-20j -0.00608206+2.48006935e-02j\n",
      "  -0.0105992 -6.47595503e-03j  0.00548311-2.70507059e-03j]\n",
      " [-0.02273958-5.07509261e-02j  0.06227399-2.75105585e-02j\n",
      "   0.02471514+5.35119984e-02j -0.03874802+1.55108667e-02j\n",
      "  -0.00608206-2.48006935e-02j  0.01384406+3.33395516e-20j\n",
      "  -0.00204122+6.41718725e-03j -0.00213236-2.53780260e-03j]\n",
